IVE((#2199,#1825),#1550,$,814,#495,.F.);
#2381=BLOCKPRIMITIVE((#2200,#1826),#1552,$,815,#496,.F.);
#2382=BLOCKPRIMITIVE((#2201,#1827),#1554,$,816,#497,.F.);
#2383=BLOCKPRIMITIVE((#2202,#1828),#1556,$,817,#498,.F.);
#2384=BLOCKPRIMITIVE((#2203,#1829),#1558,$,818,#499,.F.);
#2385=BLOCKPRIMITIVE((#2204,#1830),#1560,$,819,#500,.F.);
#2386=BLOCKPRIMITIVE((#2205,#1831),#1562,$,820,#501,.F.);
#2387=BLOCKPRIMITIVE((#2206,#1832),#1564,$,821,#502,.F.);
#2388=BLOCKPRIMITIVE((#2207,#1833),#1566,$,822,#503,.F.);
#2389=BLOCKPRIMITIVE((#2208,#1834),#1568,$,823,#504,.F.);
#2390=BLOCKPRIMITIVE((#2209,#1835),#1570,$,824,#505,.F.);
#2391=BLOCKPRIMITIVE((#2210,#1836),#1572,$,825,#506,.F.);
#2392=BLOCKPRIMITIVE((#2211,#1837),#1574,$,826,#507,.F.);
#2393=BLOCKPRIMITIVE((#2212,#1838),#1576,$,827,#508,.F.);
#2394=BLOCKPRIMITIVE((#2213,#1839),#1578,$,828,#509,.F.);
#2395=BLOCKPRIMITIVE((#2214,#1840),#1580,$,829,#510,.F.);
#2396=BLOCKPRIMITIVE((#2215,#1841),#1582,$,830,#511,.F.);
#2397=BLOCKPRIMITIVE((#2216,#1842),#1584,$,831,#512,.F.);
#2398=BLOCKPRIMITIVE((#2217,#1843),#1586,$,832,#513,.F.);
#2399=BLOCKPRIMITIVE((#2218,#1844),#1588,$,833,#514,.F.);
#2400=BLOCKPRIMITIVE((#2219,#1845),#1590,$,834,#515,.F.);
#2401=BLOCKPRIMITIVE((#2220,#1846),#1592,$,835,#516,.F.);
#2402=BLOCKPRIMITIVE((#2221,#1847),#1594,$,836,#517,.F.);
#2403=BLOCKPRIMITIVE((#2222,#1848),#1596,$,837,#518,.F.);
#2404=BLOCKPRIMITIVE((#2223,#1849),#1598,$,838,#519,.F.);
#2405=BLOCKPRIMITIVE((#2224,#1850),#1600,$,839,#520,.F.);
#2406=BLOCKPRIMITIVE((#2225,#1851),#1602,$,840,#521,.F.);
#2407=BLOCKPRIMITIVE((#2226,#1852),#1604,$,841,#522,.F.);
#2408=BLOCKPRIMITIVE((#2227,#1853),#1606,$,842,#523,.F.);
#2409=BLOCKPRIMITIVE((#2228,#1854),#1608,$,843,#524,.F.);
#2410=BLOCKPRIMITIVE((#2229,#1855),#1610,$,844,#525,.F.);
#2411=BLOCKPRIMITIVE((#2230,#1856),#1612,$,845,#526,.F.);
#2412=BLOCKPRIMITIVE((#2231,#1857),#1614,$,846,#527,.F.);
#2413=BLOCKPRIMITIVE((#2232,#1858),#1616,$,847,#528,.F.);
#2414=BLOCKPRIMITIVE((#2233,#1859),#1618,$,848,#529,.F.);
#2415=BLOCKPRIMITIVE((#2234,#1860),#1620,$,849,#530,.F.);
#2416=BLOCKPRIMITIVE((#2235,#1861),#1622,$,850,#531,.F.);
#2417=BLOCKPRIMITIVE((#2236,#1862),#1624,$,851,#532,.F.);
#2418=BLOCKPRIMITIVE((#2237,#1863),#1626,$,852,#533,.F.);
#2419=BLOCKPRIMITIVE((#2238,#1864),#1628,$,853,#534,.F.);
#2420=BLOCKPRIMITIVE((#2239,#1865),#1630,$,854,#535,.F.);
#2421=BLOCKPRIMITIVE((#2240,#1866),#1632,$,855,#536,.F.);
#2422=BLOCKPRIMITIVE((#2241,#1867),#1634,$,856,#537,.F.);
#2423=BLOCKPRIMITIVE((#2242,#1868),#1636,$,857,#538,.F.);
#2424=BLOCKPRIMITIVE((#2243,#1869),#1638,$,858,#539,.F.);
#2425=BLOCKPRIMITIVE((#2244,#1870),#1640,$,859,#540,.F.);
#2426=BLOCKPRIMITIVE((#2245,#1871),#1642,$,860,#541,.F.);
#2427=BLOCKPRIMITIVE((#2246,#1872),#1644,$,861,#542,.F.);
#2428=BLOCKPRIMITIVE((#2247,#1873),#1646,$,862,#543,.F.);
#2429=BLOCKPRIMITIVE((#2248,#1874),#1648,$,863,#544,.F.);
#2430=BLOCKPRIMITIVE((#2249,#1875),#1650,$,864,#545,.F.);
#2431=BLOCKPRIMITIVE((#2250,#1876),#1652,$,865,#546,.F.);
#2432=BLOCKPRIMITIVE((#2251,#1877),#1654,$,866,#547,.F.);
#2433=BLOCKPRIMITIVE((#2252,#1878),#1656,$,867,#548,.F.);
#2434=BLOCKPRIMITIVE((#2253,#1879),#1658,$,868,#549,.F.);
#2435=BLOCKPRIMITIVE((#2254,#1880),#1660,$,869,#550,.F.);
#2436=BLOCKPRIMITIVE((#2255,#1881),#1662,$,870,#551,.F.);
#2437=BLOCKPRIMITIVE((#2256,#1882),#1664,$,871,#552,.F.);
#2438=BLOCKPRIMITIVE((#2257,#1883),#1666,$,872,#553,.F.);
#2439=BLOCKPRIMITIVE((#2258,#1884),#1668,$,873,#554,.F.);
#2440=BLOCKPRIMITIVE((#2259,#1885),#1670,$,874,#555,.F.);
#2441=BLOCKPRIMITIVE((#2260,#1886),#1672,$,875,#556,.F.);
#2442=BLOCKPRIMITIVE((#2261,#1887),#1674,$,876,#557,.F.);
#2443=BLOCKPRIMITIVE((#2262,#1888),#1676,$,877,#558,.F.);
#2444=BLOCKPRIMITIVE((#2263,#1889),#1678,$,878,#559,.F.);
#2445=BLOCKPRIMITIVE((#2264,#1890),#1680,$,879,#560,.F.);
#2446=BLOCKPRIMITIVE((#2265,#1891),#1682,$,880,#561,.F.);
#2447=BLOCKPRIMITIVE((#2266,#1892),#1684,$,881,#562,.F.);
#2448=BLOCKPRIMITIVE((#2267,#1893),#1686,$,882,#563,.F.);
#2449=BLOCKPRIMITIVE((#2268,#1894),#1688,$,883,#564,.F.);
#2450=BLOCKPRIMITIVE((#2269,#1895),#1690,$,884,#565,.F.);
#2451=BLOCKPRIMITIVE((#2270,#1896),#1692,$,885,#566,.F.);
#2452=BLOCKPRIMITIVE((#2271,#1897),#1694,$,886,#567,.F.);
#2453=BLOCKPRIMITIVE((#2272,#1898),#1696,$,887,#568,.F.);
#2454=BLOCKPRIMITIVE((#2273,#1899),#1698,$,888,#569,.F.);
#2455=BLOCKPRIMITIVE((#2274,#1900),#1700,$,889,#570,.F.);
#2456=BLOCKPRIMITIVE((#2275,#1901),#1702,$,890,#571,.F.);
#2457=BLOCKPRIMITIVE((#2276,#1902),#1704,$,891,#572,.F.);
#2458=BLOCKPRIMITIVE((#2277,#1903),#1706,$,892,#573,.F.);
#2459=BLOCKPRIMITIVE((#2278,#1904),#1708,$,893,#574,.F.);
#2460=BLOCKPRIMITIVE((#2279,#1905),#1710,$,894,#575,.F.);
#2461=BLOCKPRIMITIVE((#2280,#1906),#1712,$,895,#576,.F.);
#2462=BLOCKPRIMITIVE((#2281,#1907),#1714,$,896,#577,.F.);
#2463=BLOCKPRIMITIVE((#2282,#1908),#1716,$,897,#578,.F.);
#2464=BLOCKPRIMITIVE((#2283,#1909),#1718,$,898,#579,.F.);
#2465=BLOCKPRIMITIVE((#2284,#1910),#1720,$,899,#580,.F.);
#2466=BLOCKPRIMITIVE((#2285,#1911),#1722,$,900,#581,.F.);
#2467=BLOCKPRIMITIVE((#2286,#1912),#1724,$,901,#582,.F.);
#2468=BLOCKPRIMITIVE((#2287,#1913),#1726,$,902,#583,.F.);
#2469=BLOCKPRIMITIVE((#2288,#1914),#1728,$,903,#584,.F.);
#2470=BLOCKPRIMITIVE((#2289,#1915),#1730,$,904,#585,.F.);
#2471=BLOCKPRIMITIVE((#2290,#1916),#1732,$,905,#586,.F.);
#2472=BLOCKPRIMITIVE((#2291,#1917),#1734,$,906,#587,.F.);
#2473=BLOCKPRIMITIVE((#2292,#1786),#1472,$,911,#588,.F.);
#2474=BLOCKPRIMITIVE((#312,#1918,#1919),#296,#2483,-910,#589,.T.);
#2475=BLOCKPRIMITIVE((#311,#1920,#1921),#297,#2484,-912,#590,.T.);
#2476=BLOCKPRIMITIVE((),#298,$,1,#591,.F.);
#2477=BLOCKPRIMITIVE((),#299,$,2,#591,.F.);
#2478=BLOCKPRIMITIVE((),#300,$,3,#591,.F.);
#2479=BLOCKPRIMITIVE((),#301,$,4,#591,.F.);
#2480=BLOCKDEFINITION('',(#2293,#2294,#2295,#2296,#2297,#2298,#2299,#2300,
#2301,#2302,#2303,#2304,#2305,#2306,#2307,#2308,#2309,#2310,#2311,#2312,
#2313,#2314,#2315,#2316,#2317,#2318,#2319,#2320,#2321,#2322,#2323,#2324,
#2325,#2326,#2327,#2328,#2329,#2330,#2331,#2332,#2333,#2334,#2335,#2336,
#2337,#2338,#2339,#2340,#2341,#2342,#2343,#2344,#2345,#2346,#2347,#2348,
#2349,#2350,#2351,#2352,#2353,#2354,#2355,#2356,#2357,#2358,#2359,#2360,
#2361,#2362,#2363,#2364,#2365,#2366,#2367,#2368,#2369,#2370,#2371,#2372,
#2373,#2374,#2375,#2376,#2377,#2378,#2379,#2380,#2381,#2382,#2383,#2384,
#2385,#2386,#2387,#2388,#2389,#2390,#2391,#2392,#2393,#2394,#2395,#2396,
#2397,#2398,#2399,#2400,#2401,#2402,#2403,#2404,#2405,#2406,#2407,#2408,
#2409,#2410,#2411,#2412,#2413,#2414,#2415,#2416,#2417,#2418,#2419,#2420,
#2421,#2422,#2423,#2424,#2425,#2426,#2427,#2428,#2429,#2430,#2431,#2432,
#2433,#2434,#2435,#2436,#2437,#2438,#2439,#2440,#2441,#2442,#2443,#2444,
#2445,#2446,#2447,#2448,#2449,#2450,#2451,#2452,#2453,#2454,#2455,#2456,
#2457,#2458,#2459,#2460,#2461,#2462,#2463,#2464,#2465,#2466,#2467,#2468,
#2469,#2470,#2471,#2472,#2473),(),(#2474,#2475),(),(#104,#105,#106,#107,
#108,#109,#110,#111,#112,#113,#114),(#103),#1923,#2110,#315,#316,());
#2481=BLOCKDEFINITION('',(#2476,#2477,#2478,#2479),(),(),(),(),(),#1922,
#2111,#313,#314,());
#2482=OPERATIONTARGETPROXY($,#2561,0,0,3,0);
#2483=OPERATIONTARGETPROXY($,#2498,0,0,3,0);
#2484=OPERATIONTARGETPROXY($,#2497,0,0,3,0);
#2485=DESIGNSKETCH('Sketch<1>',#2482,#2480,#2557,0,1,1,(0,4,1,1,2,1,3,1,
4,1,5,1,6,1,7,1,8,1,9,1,10,1,11,1,12,1,13,1,14,1,15,1,16,1,17,1,18,1,19,
1,20,1,21,1,22,1,23,1,24,1,25,1,26,1,27,1,28,1,29,1,30,1,31,1,32,1,33,1,
34,1,35,1,36,1,37,1,38,1,39,1,40,1,41,1,42,1,43,1,44,1,45,1,46,1,47,1,48,
1,49,1,50,1,51,1,52,1,53,1,54,1,55,1,56,1,57,1,58,1,59,1,60,1,61,1,62,1,
63,1,64,1,65,1,66,1,67,1,68,1,69,1,70,1,71,1,72,1,73,1,74,1,75,1,76,1,77,
1,78,1,79,1,80,1,81,1,82,1,83,1,84,1,85,1,86,1,87,1,88,1,89,1,90,1,91,1,
92,1,93,1,94,1,95,1,96,1,97,1,98,1,99,1,100,1,101,1,102,1,103,1,104,1,105,
1,106,1,107,1,108,1,109,1,110,1,111,1,112,1,113,1,114,1,115,1,116,1,117,
1,118,1,119,1,120,1,121,1,122,1,123,1,124,1,125,1,126,1,127,1,128,1,129,
1,130,1,131,1,132,1,133,1,134,1,135,1,136,1,137,1,138,1,139,1,140,1,141,
1,142,1,143,1,144,1,145,1,146,1,147,1,148,1,149,1,150,1,151,1,152,1,153,
1,154,1,155,1,156,1,157,1,158,1,159,1,160,1,161,1,162,1,163,1,164,1,165,
1,166,1,167,1,168,1,169,1,170,1,171,1,172,1,173,1,174,1,175,1,176,1,177,
1,178,1,179,1,180,1,181,1),('909.1','909.0','909.3','909.2','775','774',
'773','747','746','745','744','743','742','741','740','727','728','729',
'730','731','732','739','738','737','736','733','735','734','777','810',
'811','812','813','814','815','816','817','818','823','824','825','748',
'749','750','751','752','753','754','755','756','757','763','758','762',
'759','760','761','767','768','769','770','771','772','765','764','766',
'833','834','835','836','837','832','865','866','867','868','869','870',
'906','905','871','872','873','864','863','862','861','860','859','858',
'857','856','855','854','853','852','899','898','897','896','895','894',
'893','892','891','890','889','888','887','886','885','884','883','882',
'881','880','879','878','877','876','875','900','901','902','903','904',
'874','851','850','849','848','847','846','845','844','828','819','820',
'829','830','831','805','806','807','808','809','804','803','802','801',
'800','799','798','821','822','843','838','839','840','841','842','791',
'790','789','788','787','786','785','784','783','782','781','792','793',
'794','795','796','797','827','826','776','778','780','779','911'),$);
#2486=DEFINESKETCHOPERATION((),#2485);
#2487=DESIGNPLANEOPERATION((),#2561);
#2488=DESIGNPLANEOPERATION((),#2562);
#2489=DESIGNPLANEOPERATION((),#2560);
#2490=AXIS1_PLACEMENT($,#2601,#2572);
#2491=AXIS1_PLACEMENT($,#2601,#2573);
#2492=AXIS1_PLACEMENT($,#2601,#2574);
#2493=AXIS1_PLACEMENT($,#2749,#2577);
#2494=AXIS1_PLACEMENT($,#2596,#2579);
#2495=AXIS1_PLACEMENT($,#2766,#2581);
#2496=AXIS1_PLACEMENT($,#2596,#2590);
#2497=DESIGNPRIMARYAXIS(.F.,'X-Axis',#2490);
#2498=DESIGNPRIMARYAXIS(.F.,'Y-Axis',#2491);
#2499=DESIGNPRIMARYAXIS(.F.,'Z-Axis',#2492);
#2500=DESIGNAXISOPERATION((),#2497);
#2501=DESIGNAXISOPERATION((),#2498);
#2502=DESIGNAXISOPERATION((),#2499);
#2503=PRODUCTVERSION('PRODUCTVERSION 15,0,2,15088');
#2504=PRODUCTVERSION('PRODUCTVERSION 15,0,2,15088');
#2505=PRODUCTVERSION('PRODUCTVERSION 15,0,2,15088');
#2506=PRODUCTVERSION('PRODUCTVERSION 15,0,2,15088');
#2507=PRODUCTVERSION('PRODUCTVERSION 15,0,2,15088');
#2508=PRODUCTVERSION('PRODUCTVERSION 15,0,2,15088');
#2509=PRODUCTVERSION('PRODUCTVERSION 15,0,2,15088');
#2510=PRODUCTVERSION('PRODUCTVERSION 15,0,2,15088');
#2511=PRODUCTVERSION('PRODUCTVERSION 15,0,2,15088');
#2512=DESIGNPRIMARYPOINT(.F.,'Origin',#2601);
#2513=DESIGNPOINTOPERATION((),#2512);
#2514=DESIGNSTATE('Origin',0,#2513,.T.,$,#2503,#2523,$);
#2515=DESIGNSTATE('X-Axis',0,#2500,.T.,$,#2504,#2523,$);
#2516=DESIGNSTATE('Y-Axis',0,#2501,.T.,$,#2505,#2523,$);
#2517=DESIGNSTATE('Z-Axis',0,#2502,.T.,$,#2506,#2523,$);
#2518=DESIGNSTATE('XY-Plane',0,#2487,.T.,$,#2507,#2523,$);
#2519=DESIGNSTATE('YZ-Plane',0,#2488,.T.,$,#2508,#2523,$);
#2520=DESIGNSTATE('ZX-Plane',0,#2489,.T.,$,#2509,#2523,$);
#2521=DESIGNSTATE('Sketch<1>',0,#2486,.T.,$,#2510,#2523,$);
#2522=DESIGNSTATE('Extrusion<1>',1,#102,.T.,$,#2511,#2523,$);
#2523=STATECONTEXT((#2514,#2515,#2516,#2517,#2518,#2519,#2520,#2521,#2522),
#2522);
#2524=DOUBLEPARAMETER('D3',$,'CB154CD0-650E-4ABA-B3DB-4E3EB9678BF0','',0,
0,$,$,.F.,0.4);
#2525=DOUBLEPARAMETER('D5',$,'8B296BDA-70C5-4984-B7B3-4F11D1F90464','',0,
0,$,$,.F.,12.7);
#2526=DOUBLEPARAMETER('D7',$,'1E763BAA-A683-4AA2-956C-3F04ECF4A8B0','',0,
0,$,$,.F.,7.5);
#2527=DOUBLEPARAMETER('D8',$,'4E572E23-2868-4E16-AE6C-A152CE37B829','',0,
0,$,$,.F.,3.75);
#2528=DOUBLEPARAMETER('D2',$,'0E9EC7A5-1796-460E-8DF6-DC53441AC92C','',0,
0,$,$,.F.,0.4);
#2529=DOUBLEPARAMETER('D4',$,'F2543563-E0CC-44E7-99A2-35462F31E865','',0,
0,$,$,.F.,0.4);
#2530=DOUBLEPARAMETER('D9',$,'BEF2CF6A-A3C5-4333-B5F6-4DFFA9383A69','',0,
0,$,$,.F.,7.5);
#2531=DOUBLEPARAMETER('D6',$,'6D942A20-1B02-45B3-92A7-CB1C20829073','',0,
0,$,$,.F.,6.35);
#2532=DOUBLEPARAMETER('D11',$,'6DAB9D67-89CE-4B4F-A5E9-0253CEB14451','',
0,0,$,$,.F.,12.7);
#2533=DOUBLEPARAMETER('D10',$,'5168217F-8396-4EAE-9723-3C52250AB15C','',
0,0,$,$,.F.,3.75);
#2534=DOUBLEPARAMETER('D12',$,'120E2D6E-2AED-41E6-953B-6D78BF32AAE0','',
0,0,$,$,.F.,6.35);
#2535=DOUBLEPARAMETER('D1',$,'31D34BD9-0830-451B-BCD9-A7F0D6082307','',0,
0,$,$,.F.,0.15);
#2536=PARAMETERTABLE((#2524,#2525,#2526,#2527,#2528,#2529,#2530,#2531,#2532,
#2533,#2534,#2535));
#2537=AXIS2_PLACEMENT_3D($,#2601,#2570,#2571);
#2538=AXIS2_PLACEMENT_3D($,#2601,#2571,#2575);
#2539=AXIS2_PLACEMENT_3D($,#2601,#2575,#2570);
#2540=AXIS2_PLACEMENT_3D($,#3191,#2591,#2571);
#2541=VECTOR($,#2570,1.);
#2542=VECTOR($,#2571,1.);
#2543=VECTOR($,#2575,1.);
#2544=VECTOR($,#2576,15.804747474724);
#2545=VECTOR($,#2578,1.);
#2546=VECTOR($,#2580,9.7702332517277);
#2547=VECTOR($,#2582,9.7702332517277);
#2548=VECTOR($,#2583,15.804747474724);
#2549=VECTOR($,#2584,137.432586736723);
#2550=VECTOR($,#2585,84.9585481175059);
#2551=VECTOR($,#2586,137.432586736723);
#2552=VECTOR($,#2587,84.9585481175059);
#2553=VECTOR($,#2588,1.);
#2554=VECTOR($,#2589,1.);
#2555=VECTOR($,#2591,1.);
#2556=PLANE($,#2537);
#2557=PLANE($,#2538);
#2558=PLANE($,#2539);
#2559=PLANE($,#2540);
#2560=DESIGNPRIMARYPLANE(.F.,'ZX-Plane',#2556);
#2561=DESIGNPRIMARYPLANE(.F.,'XY-Plane',#2557);
#2562=DESIGNPRIMARYPLANE(.F.,'YZ-Plane',#2558);
#2563=DESIGNPART($,(#2560),('1C50DF8D-5B95-417C-BF55-5E5BC58D2A62'),$,$,
$,$,(),0,#2523,2,2,1,1,(),(),(),#2536,#96,$,$,0,0,0,.F.,(#97),#97,3);
#2564=POINTVALUEPAIR('',#2600);
#2565=CUSTOMORIENTATIONPAIR('viewRotation',(#2564));
#2566=EXTENTUV(#2598,#2599);
#2567=DIRECTION($,(0.707106775077367,0.408248279201526,-0.577350284635488));
#2568=DIRECTION($,(0.,0.8164965957172,0.577350248274151));
#2569=DIRECTION($,(0.707106787295728,-0.408248272147252,0.577350274659238));
#2570=DIRECTION($,(0.,1.,0.));
#2571=DIRECTION($,(0.,0.,1.));
#2572=DIRECTION($,(1.,0.,0.));
#2573=DIRECTION($,(0.,1.,0.));
#2574=DIRECTION($,(0.,0.,1.));
#2575=DIRECTION($,(1.,0.,0.));
#2576=DIRECTION($,(-1.,0.));
#2577=DIRECTION($,(0.,-1.));
#2578=DIRECTION($,(0.,1.));
#2579=DIRECTION($,(0.,1.));
#2580=DIRECTION($,(0.,-1.));
#2581=DIRECTION($,(1.,0.));
#2582=DIRECTION($,(0.,-1.));
#2583=DIRECTION($,(-1.,0.));
#2584=DIRECTION($,(1.,0.));
#2585=DIRECTION($,(0.,-1.));
#2586=DIRECTION($,(-1.,0.));
#2587=DIRECTION($,(0.,1.));
#2588=DIRECTION($,(-1.,0.));
#2589=DIRECTION($,(0.,-1.));
#2590=DIRECTION($,(1.,0.));
#2591=DIRECTION($,(0.,-1.,0.));
#2592=CARTESIAN_TRANSFORMATION_OPERATOR_3D($,$,$,#2567,#2568,#2597,1.,#2569);
#2593=ORIENTATIONCOLLECTION('',#2592,#2566);
#2594=ORIENTATIONPAIR('viewOrientation',(#2593));
#2595=LINEPATTERN((),'','1');
#2596=CARTESIAN_POINT($,(0.,0.));
#2597=CARTESIAN_POINT($,(0.,0.,0.));
#2598=CARTESIAN_POINT($,(-9.46736907958984,-7.59916496276855));
#2599=CARTESIAN_POINT($,(9.56348419189453,7.53131675720215));
#2600=CARTESIAN_POINT($,(-0.00703615702056482,-0.000530554797862237,0.075));
#2601=CARTESIAN_POINT($,(0.,0.,0.));
#2602=CARTESIAN_POINT($,(-4.68335962295532,3.58108758926392));
#2603=CARTESIAN_POINT($,(-4.68335962295532,3.58108758926392));
#2604=CARTESIAN_POINT($,(-4.17495614852947,3.58126546822231));
#2605=CARTESIAN_POINT($,(-4.17495614852947,3.58126546822231));
#2606=CARTESIAN_POINT($,(-4.17495614852947,3.58126546822231));
#2607=CARTESIAN_POINT($,(-5.9527292814746,2.59970396441631));
#2608=CARTESIAN_POINT($,(-5.9527292814746,2.59970396441631));
#2609=CARTESIAN_POINT($,(-5.9527292814746,2.59970396441631));
#2610=CARTESIAN_POINT($,(-5.45299105345146,2.59970396441631));
#2611=CARTESIAN_POINT($,(-5.45299105345146,2.59970396441631));
#2612=CARTESIAN_POINT($,(-5.45299105345146,2.59970396441631));
#2613=CARTESIAN_POINT($,(-4.95322741414856,2.59970396441631));
#2614=CARTESIAN_POINT($,(-4.95322741414856,2.59970396441631));
#2615=CARTESIAN_POINT($,(-4.95322741414856,2.59970396441631));
#2616=CARTESIAN_POINT($,(-4.45140546118398,2.5966546108435));
#2617=CARTESIAN_POINT($,(-4.45140546118398,2.5966546108435));
#2618=CARTESIAN_POINT($,(-4.45140546118398,2.5966546108435));
#2619=CARTESIAN_POINT($,(-3.95181970083945,2.59957690801744));
#2620=CARTESIAN_POINT($,(-3.95181970083945,2.59957690801744));
#2621=CARTESIAN_POINT($,(-3.95181970083945,2.59957690801744));
#2622=CARTESIAN_POINT($,(-5.95217023331958,0.227154417095591));
#2623=CARTESIAN_POINT($,(-5.95217023331958,0.227154417095591));
#2624=CARTESIAN_POINT($,(-5.95217023331958,0.227154417095591));
#2625=CARTESIAN_POINT($,(-5.45243200529643,0.227154417095591));
#2626=CARTESIAN_POINT($,(-5.45243200529643,0.227154417095591));
#2627=CARTESIAN_POINT($,(-5.45243200529643,0.227154417095591));
#2628=CARTESIAN_POINT($,(-4.95266836599353,0.227154417095591));
#2629=CARTESIAN_POINT($,(-4.95266836599353,0.227154417095591));
#2630=CARTESIAN_POINT($,(-4.95266836599353,0.227154417095591));
#2631=CARTESIAN_POINT($,(-4.4515579288626,0.224359176320547));
#2632=CARTESIAN_POINT($,(-4.4515579288626,0.224359176320547));
#2633=CARTESIAN_POINT($,(-4.4515579288626,0.224359176320547));
#2634=CARTESIAN_POINT($,(-3.94892281494532,0.227154417095591));
#2635=CARTESIAN_POINT($,(-3.94892281494532,0.227154417095591));
#2636=CARTESIAN_POINT($,(-3.94892281494532,0.227154417095591));
#2637=CARTESIAN_POINT($,(0.0152368297007683,3.58144334718071));
#2638=CARTESIAN_POINT($,(0.0152368297007683,3.58144334718071));
#2639=CARTESIAN_POINT($,(0.0152368297007683,3.58144334718071));
#2640=CARTESIAN_POINT($,(0.523462425168248,3.58144334718071));
#2641=CARTESIAN_POINT($,(0.523462425168248,3.58144334718071));
#2642=CARTESIAN_POINT($,(0.523462425168248,3.58144334718071));
#2643=CARTESIAN_POINT($,(1.03473737420853,3.58024901703138));
#2644=CARTESIAN_POINT($,(1.03473737420853,3.58024901703138));
#2645=CARTESIAN_POINT($,(1.03473737420853,3.58024901703138));
#2646=CARTESIAN_POINT($,(1.65810147832912,3.58385741875921));
#2647=CARTESIAN_POINT($,(1.65810147832912,3.58385741875921));
#2648=CARTESIAN_POINT($,(1.65810147832912,3.58385741875921));
#2649=CARTESIAN_POINT($,(2.16614919483817,3.58403529771763));
#2650=CARTESIAN_POINT($,(2.16614919483817,3.58403529771763));
#2651=CARTESIAN_POINT($,(2.16614919483817,3.58403529771763));
#2652=CARTESIAN_POINT($,(2.67455266926402,3.58385741875921));
#2653=CARTESIAN_POINT($,(2.67455266926402,3.58385741875921));
#2654=CARTESIAN_POINT($,(2.67455266926402,3.58385741875921));
#2655=CARTESIAN_POINT($,(3.29959391784968,3.58144334718068));
#2656=CARTESIAN_POINT($,(3.29959391784968,3.58144334718068));
#2657=CARTESIAN_POINT($,(3.29959391784968,3.58144334718068));
#2658=CARTESIAN_POINT($,(3.80898843218665,3.58042689598977));
#2659=CARTESIAN_POINT($,(3.80898843218665,3.58042689598977));
#2660=CARTESIAN_POINT($,(3.80898843218665,3.58042689598977));
#2661=CARTESIAN_POINT($,(4.31358021464649,3.58385741875921));
#2662=CARTESIAN_POINT($,(4.31358021464649,3.58385741875921));
#2663=CARTESIAN_POINT($,(4.31358021464649,3.58385741875921));
#2664=CARTESIAN_POINT($,(-1.44387885488624,3.79522844391411));
#2665=CARTESIAN_POINT($,(-1.44387885488624,3.79522844391411));
#2666=CARTESIAN_POINT($,(-1.44387885488624,3.79522844391411));
#2667=CARTESIAN_POINT($,(-0.823513281778958,3.79522844391411));
#2668=CARTESIAN_POINT($,(-0.823513281778958,3.79522844391411));
#2669=CARTESIAN_POINT($,(-0.823513281778958,3.79522844391411));
#2670=CARTESIAN_POINT($,(-1.44387885488624,3.34110346308415));
#2671=CARTESIAN_POINT($,(-1.44387885488624,3.34110346308415));
#2672=CARTESIAN_POINT($,(-1.44387885488624,3.34110346308415));
#2673=CARTESIAN_POINT($,(-0.826715103030381,3.33990913293482));
#2674=CARTESIAN_POINT($,(-0.826715103030381,3.33990913293482));
#2675=CARTESIAN_POINT($,(-0.826715103030381,3.33990913293482));
#2676=CARTESIAN_POINT($,(-2.60430945685954,3.67847202669782));
#2677=CARTESIAN_POINT($,(-2.60430945685954,3.67847202669782));
#2678=CARTESIAN_POINT($,(-2.60430945685954,3.67847202669782));
#2679=CARTESIAN_POINT($,(-2.35200176014729,3.67729469448591));
#2680=CARTESIAN_POINT($,(-2.35200176014729,3.67729469448591));
#2681=CARTESIAN_POINT($,(-2.35200176014729,3.67729469448591));
#2682=CARTESIAN_POINT($,(-2.09405185916779,3.67754880728361));
#2683=CARTESIAN_POINT($,(-2.09405185916779,3.67754880728361));
#2684=CARTESIAN_POINT($,(-2.09405185916779,3.67754880728361));
#2685=CARTESIAN_POINT($,(-2.60547927588669,3.42252120347806));
#2686=CARTESIAN_POINT($,(-2.60547927588669,3.42252120347806));
#2687=CARTESIAN_POINT($,(-2.60547927588669,3.42252120347806));
#2688=CARTESIAN_POINT($,(-2.35200176014729,3.42318189675214));
#2689=CARTESIAN_POINT($,(-2.35200176014729,3.42318189675214));
#2690=CARTESIAN_POINT($,(-2.35200176014729,3.42318189675214));
#2691=CARTESIAN_POINT($,(-2.09405185916779,3.4234360095499));
#2692=CARTESIAN_POINT($,(-2.09405185916779,3.4234360095499));
#2693=CARTESIAN_POINT($,(-2.09405185916779,3.4234360095499));
#2694=CARTESIAN_POINT($,(-0.0748969796553638,2.69835055249649));
#2695=CARTESIAN_POINT($,(-0.0748969796553638,2.69835055249649));
#2696=CARTESIAN_POINT($,(-0.0748969796553638,2.69835055249649));
#2697=CARTESIAN_POINT($,(1.12487118356461,2.70051051127726));
#2698=CARTESIAN_POINT($,(1.12487118356461,2.70051051127726));
#2699=CARTESIAN_POINT($,(1.12487118356461,2.70051051127726));
#2700=CARTESIAN_POINT($,(1.56837424944928,2.6993161811279));
#2701=CARTESIAN_POINT($,(1.56837424944928,2.6993161811279));
#2702=CARTESIAN_POINT($,(1.56837424944928,2.6993161811279));
#2703=CARTESIAN_POINT($,(2.7673038404368,2.69835055249649));
#2704=CARTESIAN_POINT($,(2.7673038404368,2.69835055249649));
#2705=CARTESIAN_POINT($,(2.7673038404368,2.69835055249649));
#2706=CARTESIAN_POINT($,(3.2106798499226,2.69835055249649));
#2707=CARTESIAN_POINT($,(3.2106798499226,2.69835055249649));
#2708=CARTESIAN_POINT($,(3.2106798499226,2.69835055249649));
#2709=CARTESIAN_POINT($,(4.4113882304942,2.70051051127726));
#2710=CARTESIAN_POINT($,(4.4113882304942,2.70051051127726));
#2711=CARTESIAN_POINT($,(4.4113882304942,2.70051051127726));
#2712=CARTESIAN_POINT($,(-0.0730927787914197,1.48219211382269));
#2713=CARTESIAN_POINT($,(-0.0730927787914197,1.48219211382269));
#2714=CARTESIAN_POINT($,(-0.0730927787914197,1.48219211382269));
#2715=CARTESIAN_POINT($,(1.12517562766305,1.48219211382269));
#2716=CARTESIAN_POINT($,(1.12517562766305,1.48219211382269));
#2717=CARTESIAN_POINT($,(1.12517562766305,1.48219211382269));
#2718=CARTESIAN_POINT($,(1.57002267113938,1.48219211382269));
#2719=CARTESIAN_POINT($,(1.57002267113938,1.48219211382269));
#2720=CARTESIAN_POINT($,(1.57002267113938,1.48219211382269));
#2721=CARTESIAN_POINT($,(2.76888245352848,1.48219211382269));
#2722=CARTESIAN_POINT($,(2.76888245352848,1.48219211382269));
#2723=CARTESIAN_POINT($,(2.76888245352848,1.48219211382269));
#2724=CARTESIAN_POINT($,(3.21344628084529,1.48219211382269));
#2725=CARTESIAN_POINT($,(3.21344628084529,1.48219211382269));
#2726=CARTESIAN_POINT($,(3.21344628084529,1.48219211382269));
#2727=CARTESIAN_POINT($,(4.41141595530507,1.48219211382269));
#2728=CARTESIAN_POINT($,(4.41141595530507,1.48219211382269));
#2729=CARTESIAN_POINT($,(4.41141595530507,1.48219211382269));
#2730=CARTESIAN_POINT($,(0.525266626032192,1.29864644001964));
#2731=CARTESIAN_POINT($,(0.525266626032192,1.29864644001964));
#2732=CARTESIAN_POINT($,(0.525266626032192,1.29864644001964));
#2733=CARTESIAN_POINT($,(2.16978300784575,1.29747752115003));
#2734=CARTESIAN_POINT($,(2.16978300784575,1.29747752115003));
#2735=CARTESIAN_POINT($,(2.16978300784575,1.29747752115003));
#2736=CARTESIAN_POINT($,(3.8099217667737,1.29864644001964));
#2737=CARTESIAN_POINT($,(3.8099217667737,1.29864644001964));
#2738=CARTESIAN_POINT($,(3.8099217667737,1.29864644001964));
#2739=CARTESIAN_POINT($,(6.35,3.75));
#2740=CARTESIAN_POINT($,(6.35,3.75));
#2741=CARTESIAN_POINT($,(6.35,3.75));
#2742=CARTESIAN_POINT($,(-0.740407018163869,1.13625970917357));
#2743=CARTESIAN_POINT($,(6.35,3.75));
#2744=CARTESIAN_POINT($,(-6.35,3.75));
#2745=CARTESIAN_POINT($,(-6.35,3.75));
#2746=CARTESIAN_POINT($,(-6.35,3.75));
#2747=CARTESIAN_POINT($,(-6.35,3.75));
#2748=CARTESIAN_POINT($,(0.560614509817244,0.972811375433336));
#2749=CARTESIAN_POINT($,(7.89428215678845,0.));
#2750=CARTESIAN_POINT($,(6.35,3.75));
#2751=CARTESIAN_POINT($,(7.89428215678845,0.));
#2752=CARTESIAN_POINT($,(7.12967157363892,0.937437295913696));
#2753=CARTESIAN_POINT($,(-6.35,3.75));
#2754=CARTESIAN_POINT($,(-7.91046531793555,0.));
#2755=CARTESIAN_POINT($,(-7.30499410629272,1.34791743755341));
#2756=CARTESIAN_POINT($,(-6.35,-3.75));
#2757=CARTESIAN_POINT($,(-6.35,-3.75));
#2758=CARTESIAN_POINT($,(-6.35,-3.75));
#2759=CARTESIAN_POINT($,(-6.35,-3.75));
#2760=CARTESIAN_POINT($,(0.71920881228363,-1.04172696695278));
#2761=CARTESIAN_POINT($,(6.35,-3.75));
#2762=CARTESIAN_POINT($,(6.35,-3.75));
#2763=CARTESIAN_POINT($,(6.35,3.75));
#2764=CARTESIAN_POINT($,(6.35,-3.75));
#2765=CARTESIAN_POINT($,(7.35698385238647,-2.23460558814393));
#2766=CARTESIAN_POINT($,(0.,4.88450648784637));
#2767=CARTESIAN_POINT($,(0.,4.88450648784637));
#2768=CARTESIAN_POINT($,(6.35,3.75));
#2769=CARTESIAN_POINT($,(3.15157612348643,4.59205261307372));
#2770=CARTESIAN_POINT($,(0.,-4.88572676388133));
#2771=CARTESIAN_POINT($,(6.35,-3.75));
#2772=CARTESIAN_POINT($,(4.28954286532318,-4.84676933288574));
#2773=CARTESIAN_POINT($,(-6.35,-3.75));
#2774=CARTESIAN_POINT($,(6.35,-3.75));
#2775=CARTESIAN_POINT($,(0.523204576969145,-5.7620792388916));
#2776=CARTESIAN_POINT($,(-6.35,3.75));
#2777=CARTESIAN_POINT($,(-6.35,-3.75));
#2778=CARTESIAN_POINT($,(-7.70658302350127,-1.5391085349078));
#2779=CARTESIAN_POINT($,(-6.35,3.75));
#2780=CARTESIAN_POINT($,(6.35,3.75));
#2781=CARTESIAN_POINT($,(0.248495049974255,5.67081085281981));
#2782=CARTESIAN_POINT($,(-1.6364963555684,-3.16525143264957));
#2783=CARTESIAN_POINT($,(-1.6364963555684,-3.16525143264957));
#2784=CARTESIAN_POINT($,(-1.6364963555684,-3.16525143264957));
#2785=CARTESIAN_POINT($,(-1.63751280675933,-3.57709204393663));
#2786=CARTESIAN_POINT($,(-1.63751280675933,-3.57709204393663));
#2787=CARTESIAN_POINT($,(-1.63751280675933,-3.57709204393663));
#2788=CARTESIAN_POINT($,(-1.38184992095944,-3.16525143264963));
#2789=CARTESIAN_POINT($,(-1.38184992095944,-3.16525143264963));
#2790=CARTESIAN_POINT($,(-1.38184992095944,-3.16525143264963));
#2791=CARTESIAN_POINT($,(-1.1277371232257,-3.16471779577432));
#2792=CARTESIAN_POINT($,(-1.1277371232257,-3.16471779577432));
#2793=CARTESIAN_POINT($,(-1.1277371232257,-3.16471779577432));
#2794=CARTESIAN_POINT($,(-0.223605355102848,-3.16578506952484));
#2795=CARTESIAN_POINT($,(-0.223605355102848,-3.16578506952484));
#2796=CARTESIAN_POINT($,(-0.223605355102848,-3.16578506952484));
#2797=CARTESIAN_POINT($,(0.0310410795061102,-3.16578506952487));
#2798=CARTESIAN_POINT($,(0.0310410795061102,-3.16578506952487));
#2799=CARTESIAN_POINT($,(0.0310410795061102,-3.16578506952487));
#2800=CARTESIAN_POINT($,(0.28515387723985,-3.16525143264957));
#2801=CARTESIAN_POINT($,(0.28515387723985,-3.16525143264957));
#2802=CARTESIAN_POINT($,(0.28515387723985,-3.16525143264957));
#2803=CARTESIAN_POINT($,(1.18783763246796,-3.16578506952484));
#2804=CARTESIAN_POINT($,(1.18783763246796,-3.16578506952484));
#2805=CARTESIAN_POINT($,(1.18783763246796,-3.16578506952484));
#2806=CARTESIAN_POINT($,(1.44248406707692,-3.16578506952487));
#2807=CARTESIAN_POINT($,(1.44248406707692,-3.16578506952487));
#2808=CARTESIAN_POINT($,(1.44248406707692,-3.16578506952487));
#2809=CARTESIAN_POINT($,(1.6965968648106,-3.16525143264957));
#2810=CARTESIAN_POINT($,(1.6965968648106,-3.16525143264957));
#2811=CARTESIAN_POINT($,(1.6965968648106,-3.16525143264957));
#2812=CARTESIAN_POINT($,(2.59678369389923,-3.16578506952484));
#2813=CARTESIAN_POINT($,(2.59678369389923,-3.16578506952484));
#2814=CARTESIAN_POINT($,(2.59678369389923,-3.16578506952484));
#2815=CARTESIAN_POINT($,(2.85143012850818,-3.16578506952487));
#2816=CARTESIAN_POINT($,(2.85143012850818,-3.16578506952487));
#2817=CARTESIAN_POINT($,(2.85143012850818,-3.16578506952487));
#2818=CARTESIAN_POINT($,(3.10554292624192,-3.16525143264957));
#2819=CARTESIAN_POINT($,(3.10554292624192,-3.16525143264957));
#2820=CARTESIAN_POINT($,(3.10554292624192,-3.16525143264957));
#2821=CARTESIAN_POINT($,(0.506538512839199,0.794664528274325));
#2822=CARTESIAN_POINT($,(0.506538512839199,0.794664528274325));
#2823=CARTESIAN_POINT($,(0.506538512839199,0.794664528274325));
#2824=CARTESIAN_POINT($,(0.761184947448157,0.794664528274268));
#2825=CARTESIAN_POINT($,(0.761184947448157,0.794664528274268));
#2826=CARTESIAN_POINT($,(0.761184947448157,0.794664528274268));
#2827=CARTESIAN_POINT($,(1.01529774518184,0.795198165149571));
#2828=CARTESIAN_POINT($,(1.01529774518184,0.795198165149571));
#2829=CARTESIAN_POINT($,(1.01529774518184,0.795198165149571));
#2830=CARTESIAN_POINT($,(2.20096729763532,0.794664528274325));
#2831=CARTESIAN_POINT($,(2.20096729763532,0.794664528274325));
#2832=CARTESIAN_POINT($,(2.20096729763532,0.794664528274325));
#2833=CARTESIAN_POINT($,(2.45561373224427,0.794664528274268));
#2834=CARTESIAN_POINT($,(2.45561373224427,0.794664528274268));
#2835=CARTESIAN_POINT($,(2.45561373224427,0.794664528274268));
#2836=CARTESIAN_POINT($,(2.70972652997801,0.795198165149571));
#2837=CARTESIAN_POINT($,(2.70972652997801,0.795198165149571));
#2838=CARTESIAN_POINT($,(2.70972652997801,0.795198165149571));
#2839=CARTESIAN_POINT($,(3.91165301120708,0.794664528274325));
#2840=CARTESIAN_POINT($,(3.91165301120708,0.794664528274325));
#2841=CARTESIAN_POINT($,(3.91165301120708,0.794664528274325));
#2842=CARTESIAN_POINT($,(4.16629944581604,0.794664528274268));
#2843=CARTESIAN_POINT($,(4.16629944581604,0.794664528274268));
#2844=CARTESIAN_POINT($,(4.16629944581604,0.794664528274268));
#2845=CARTESIAN_POINT($,(4.42041224354972,0.795198165149571));
#2846=CARTESIAN_POINT($,(4.42041224354972,0.795198165149571));
#2847=CARTESIAN_POINT($,(4.42041224354972,0.795198165149571));
#2848=CARTESIAN_POINT($,(-4.54522390610725,-1.59919681032383));
#2849=CARTESIAN_POINT($,(-4.54522390610725,-1.59919681032383));
#2850=CARTESIAN_POINT($,(-4.54522390610725,-1.59919681032383));
#2851=CARTESIAN_POINT($,(-4.29140479999228,-1.59919681032383));
#2852=CARTESIAN_POINT($,(-4.29140479999228,-1.59919681032383));
#2853=CARTESIAN_POINT($,(-4.29140479999228,-1.59919681032383));
#2854=CARTESIAN_POINT($,(-1.51248931027436,-1.59704512399546));
#2855=CARTESIAN_POINT($,(-1.51248931027436,-1.59704512399546));
#2856=CARTESIAN_POINT($,(-1.51248931027436,-1.59704512399546));
#2857=CARTESIAN_POINT($,(-1.25867020415933,-1.59704512399546));
#2858=CARTESIAN_POINT($,(-1.25867020415933,-1.59704512399546));
#2859=CARTESIAN_POINT($,(-1.25867020415933,-1.59704512399546));
#2860=CARTESIAN_POINT($,(-0.0989698651596314,-1.59919681032383));
#2861=CARTESIAN_POINT($,(-0.0989698651596314,-1.59919681032383));
#2862=CARTESIAN_POINT($,(-0.0989698651596314,-1.59919681032383));
#2863=CARTESIAN_POINT($,(0.154849240955343,-1.59919681032383));
#2864=CARTESIAN_POINT($,(0.154849240955343,-1.59919681032383));
#2865=CARTESIAN_POINT($,(0.154849240955343,-1.59919681032383));
#2866=CARTESIAN_POINT($,(1.31348114074132,-1.59919681032383));
#2867=CARTESIAN_POINT($,(1.31348114074132,-1.59919681032383));
#2868=CARTESIAN_POINT($,(1.31348114074132,-1.59919681032383));
#2869=CARTESIAN_POINT($,(1.56730024685629,-1.59919681032383));
#2870=CARTESIAN_POINT($,(1.56730024685629,-1.59919681032383));
#2871=CARTESIAN_POINT($,(1.56730024685629,-1.59919681032383));
#2872=CARTESIAN_POINT($,(2.72313903619067,-1.5979345187875));
#2873=CARTESIAN_POINT($,(2.72313903619067,-1.5979345187875));
#2874=CARTESIAN_POINT($,(2.72313903619067,-1.5979345187875));
#2875=CARTESIAN_POINT($,(2.97695814230565,-1.5979345187875));
#2876=CARTESIAN_POINT($,(2.97695814230565,-1.5979345187875));
#2877=CARTESIAN_POINT($,(2.97695814230565,-1.5979345187875));
#2878=CARTESIAN_POINT($,(4.13847108572821,-1.5991968103238));
#2879=CARTESIAN_POINT($,(4.13847108572821,-1.5991968103238));
#2880=CARTESIAN_POINT($,(4.13847108572821,-1.5991968103238));
#2881=CARTESIAN_POINT($,(4.39229019184319,-1.5991968103238));
#2882=CARTESIAN_POINT($,(4.39229019184319,-1.5991968103238));
#2883=CARTESIAN_POINT($,(4.39229019184319,-1.5991968103238));
#2884=CARTESIAN_POINT($,(-1.13289561301968,-3.57363610988745));
#2885=CARTESIAN_POINT($,(-1.13289561301968,-3.57363610988745));
#2886=CARTESIAN_POINT($,(-1.13289561301968,-3.57363610988745));
#2887=CARTESIAN_POINT($,(-0.223095563293668,-3.57737156801412));
#2888=CARTESIAN_POINT($,(-0.223095563293668,-3.57737156801412));
#2889=CARTESIAN_POINT($,(-0.223095563293668,-3.57737156801412));
#2890=CARTESIAN_POINT($,(0.281521630445923,-3.57391563396493));
#2891=CARTESIAN_POINT($,(0.281521630445923,-3.57391563396493));
#2892=CARTESIAN_POINT($,(0.281521630445923,-3.57391563396493));
#2893=CARTESIAN_POINT($,(1.18941583418899,-3.57505914155476));
#2894=CARTESIAN_POINT($,(1.18941583418899,-3.57505914155476));
#2895=CARTESIAN_POINT($,(1.18941583418899,-3.57505914155476));
#2896=CARTESIAN_POINT($,(1.69403302792864,-3.57160320750558));
#2897=CARTESIAN_POINT($,(1.69403302792864,-3.57160320750558));
#2898=CARTESIAN_POINT($,(1.69403302792864,-3.57160320750558));
#2899=CARTESIAN_POINT($,(2.59755649155068,-3.57737156801412));
#2900=CARTESIAN_POINT($,(2.59755649155068,-3.57737156801412));
#2901=CARTESIAN_POINT($,(2.59755649155068,-3.57737156801412));
#2902=CARTESIAN_POINT($,(3.10217368529032,-3.57391563396493));
#2903=CARTESIAN_POINT($,(3.10217368529032,-3.57391563396493));
#2904=CARTESIAN_POINT($,(3.10217368529032,-3.57391563396493));
#2905=CARTESIAN_POINT($,(4.01547740228057,-3.57709204393663));
#2906=CARTESIAN_POINT($,(4.01547740228057,-3.57709204393663));
#2907=CARTESIAN_POINT($,(4.01547740228057,-3.57709204393663));
#2908=CARTESIAN_POINT($,(4.52009459602021,-3.57363610988745));
#2909=CARTESIAN_POINT($,(4.52009459602021,-3.57363610988745));
#2910=CARTESIAN_POINT($,(4.52009459602021,-3.57363610988745));
#2911=CARTESIAN_POINT($,(-5.98182519681507,-1.45423373166909));
#2912=CARTESIAN_POINT($,(-5.98182519681507,-1.45423373166909));
#2913=CARTESIAN_POINT($,(-5.98182519681507,-1.45423373166909));
#2914=CARTESIAN_POINT($,(-5.98065627794551,-0.754254619031798));
#2915=CARTESIAN_POINT($,(-5.98065627794551,-0.754254619031798));
#2916=CARTESIAN_POINT($,(-5.98065627794551,-0.754254619031798));
#2917=CARTESIAN_POINT($,(-2.41631785053863,0.438872927715011));
#2918=CARTESIAN_POINT($,(-2.41631785053863,0.438872927715011));
#2919=CARTESIAN_POINT($,(-2.41631785053863,0.438872927715011));
#2920=CARTESIAN_POINT($,(-2.16249874442366,0.438872927715011));
#2921=CARTESIAN_POINT($,(-2.16249874442366,0.438872927715011));
#2922=CARTESIAN_POINT($,(-2.16249874442366,0.438872927715011));
#2923=CARTESIAN_POINT($,(-4.68224152664521,-3.57953152679485));
#2924=CARTESIAN_POINT($,(-4.68224152664521,-3.57953152679485));
#2925=CARTESIAN_POINT($,(-4.68224152664521,-3.57953152679485));
#2926=CARTESIAN_POINT($,(-4.17762433290562,-3.5760755927457));
#2927=CARTESIAN_POINT($,(-4.17762433290562,-3.5760755927457));
#2928=CARTESIAN_POINT($,(-4.17762433290562,-3.5760755927457));
#2929=CARTESIAN_POINT($,(-3.6693987374382,-3.5760755927457));
#2930=CARTESIAN_POINT($,(-3.6693987374382,-3.5760755927457));
#2931=CARTESIAN_POINT($,(-3.6693987374382,-3.5760755927457));
#2932=CARTESIAN_POINT($,(5.51980284292898,2.59482499869981));
#2933=CARTESIAN_POINT($,(5.51980284292898,2.59482499869981));
#2934=CARTESIAN_POINT($,(5.51980284292898,2.59482499869981));
#2935=CARTESIAN_POINT($,(6.27965093071236,2.59093707289449));
#2936=CARTESIAN_POINT($,(6.27965093071236,2.59093707289449));
#2937=CARTESIAN_POINT($,(6.27965093071236,2.59093707289449));
#2938=CARTESIAN_POINT($,(-4.61698536018724,-0.292684133228249));
#2939=CARTESIAN_POINT($,(-4.61698536018724,-0.292684133228249));
#2940=CARTESIAN_POINT($,(-4.61698536018724,-0.292684133228249));
#2941=CARTESIAN_POINT($,(-4.97807964576685,-0.65377841880786));
#2942=CARTESIAN_POINT($,(-4.97807964576685,-0.65377841880786));
#2943=CARTESIAN_POINT($,(-4.97807964576685,-0.65377841880786));
#2944=CARTESIAN_POINT($,(-4.26239636222959,-0.65377841880786));
#2945=CARTESIAN_POINT($,(-4.26239636222959,-0.65377841880786));
#2946=CARTESIAN_POINT($,(-4.26239636222959,-0.65377841880786));
#2947=CARTESIAN_POINT($,(-4.61698536018724,-1.00648698206234));
#2948=CARTESIAN_POINT($,(-4.61698536018724,-1.00648698206234));
#2949=CARTESIAN_POINT($,(-4.61698536018724,-1.00648698206234));
#2950=CARTESIAN_POINT($,(-0.172471603363931,0.700490325434203));
#2951=CARTESIAN_POINT($,(-0.172471603363931,0.700490325434203));
#2952=CARTESIAN_POINT($,(-0.172471603363931,0.700490325434203));
#2953=CARTESIAN_POINT($,(0.083934339993391,0.700490325434203));
#2954=CARTESIAN_POINT($,(0.083934339993391,0.700490325434203));
#2955=CARTESIAN_POINT($,(0.083934339993391,0.700490325434203));
#2956=CARTESIAN_POINT($,(1.50382959882495,0.699295995284871));
#2957=CARTESIAN_POINT($,(1.50382959882495,0.699295995284871));
#2958=CARTESIAN_POINT($,(1.50382959882495,0.699295995284871));
#2959=CARTESIAN_POINT($,(1.76023554218222,0.699295995284871));
#2960=CARTESIAN_POINT($,(1.76023554218222,0.699295995284871));
#2961=CARTESIAN_POINT($,(1.76023554218222,0.699295995284871));
#2962=CARTESIAN_POINT($,(3.21210393301578,0.700490325434203));
#2963=CARTESIAN_POINT($,(3.21210393301578,0.700490325434203));
#2964=CARTESIAN_POINT($,(3.21210393301578,0.700490325434203));
#2965=CARTESIAN_POINT($,(3.46850987637305,0.700490325434203));
#2966=CARTESIAN_POINT($,(3.46850987637305,0.700490325434203));
#2967=CARTESIAN_POINT($,(3.46850987637305,0.700490325434203));
#2968=CARTESIAN_POINT($,(-3.41528593970446,-1.92858609119864));
#2969=CARTESIAN_POINT($,(-3.41528593970446,-1.92858609119864));
#2970=CARTESIAN_POINT($,(-3.41528593970446,-1.92858609119864));
#2971=CARTESIAN_POINT($,(-3.16536600313339,-1.92645154369765));
#2972=CARTESIAN_POINT($,(-3.16536600313339,-1.92645154369765));
#2973=CARTESIAN_POINT($,(-3.16536600313339,-1.92645154369765));
#2974=CARTESIAN_POINT($,(-2.91125320539965,-1.92645154369765));
#2975=CARTESIAN_POINT($,(-2.91125320539965,-1.92645154369765));
#2976=CARTESIAN_POINT($,(-2.91125320539965,-1.92645154369765));
#2977=CARTESIAN_POINT($,(-3.41528593970446,-2.69092448439977));
#2978=CARTESIAN_POINT($,(-3.41528593970446,-2.69092448439977));
#2979=CARTESIAN_POINT($,(-3.41528593970446,-2.69092448439977));
#2980=CARTESIAN_POINT($,(-3.16536600313339,-2.68878993689881));
#2981=CARTESIAN_POINT($,(-3.16536600313339,-2.68878993689881));
#2982=CARTESIAN_POINT($,(-3.16536600313339,-2.68878993689881));
#2983=CARTESIAN_POINT($,(-2.9053323772124,-2.68922192865497));
#2984=CARTESIAN_POINT($,(-2.9053323772124,-2.68922192865497));
#2985=CARTESIAN_POINT($,(-2.9053323772124,-2.68922192865497));
#2986=CARTESIAN_POINT($,(-6.0888829185003,-2.80222588980718));
#2987=CARTESIAN_POINT($,(-6.0888829185003,-2.80222588980718));
#2988=CARTESIAN_POINT($,(-6.0888829185003,-2.80222588980718));
#2989=CARTESIAN_POINT($,(-5.83477012076656,-2.80222588980718));
#2990=CARTESIAN_POINT($,(-5.83477012076656,-2.80222588980718));
#2991=CARTESIAN_POINT($,(-5.83477012076656,-2.80222588980718));
#2992=CARTESIAN_POINT($,(-5.58065732303282,-2.80222588980718));
#2993=CARTESIAN_POINT($,(-5.58065732303282,-2.80222588980718));
#2994=CARTESIAN_POINT($,(-5.58065732303282,-2.80222588980718));
#2995=CARTESIAN_POINT($,(-4.91279806802908,-2.13027541875991));
#2996=CARTESIAN_POINT($,(-4.91279806802908,-2.13027541875991));
#2997=CARTESIAN_POINT($,(-4.91279806802908,-2.13027541875991));
#2998=CARTESIAN_POINT($,(-4.91279806802908,-3.14672660969478));
#2999=CARTESIAN_POINT($,(-4.91279806802908,-3.14672660969478));
#3000=CARTESIAN_POINT($,(-4.91279806802908,-3.14672660969478));
#3001=CARTESIAN_POINT($,(-2.59963468153876,-0.688007412662586));
#3002=CARTESIAN_POINT($,(-2.59963468153876,-0.688007412662586));
#3003=CARTESIAN_POINT($,(-2.59963468153876,-0.688007412662586));
#3004=CARTESIAN_POINT($,(-2.34638586731734,-0.689176331532138));
#3005=CARTESIAN_POINT($,(-2.34638586731734,-0.689176331532138));
#3006=CARTESIAN_POINT($,(-2.34638586731734,-0.689176331532138));
#3007=CARTESIAN_POINT($,(-2.0913838378325,-0.688007412662586));
#3008=CARTESIAN_POINT($,(-2.0913838378325,-0.688007412662586));
#3009=CARTESIAN_POINT($,(-2.0913838378325,-0.688007412662586));
#3010=CARTESIAN_POINT($,(0.746751340536889,-1.01494893822684));
#3011=CARTESIAN_POINT($,(0.746751340536889,-1.01494893822684));
#3012=CARTESIAN_POINT($,(0.746751340536889,-1.01494893822684));
#3013=CARTESIAN_POINT($,(1.00155024282446,-1.01568586534026));
#3014=CARTESIAN_POINT($,(1.00155024282446,-1.01568586534026));
#3015=CARTESIAN_POINT($,(1.00155024282446,-1.01568586534026));
#3016=CARTESIAN_POINT($,(1.2556630405582,-1.01568586534026));
#3017=CARTESIAN_POINT($,(1.2556630405582,-1.01568586534026));
#3018=CARTESIAN_POINT($,(1.2556630405582,-1.01568586534026));
#3019=CARTESIAN_POINT($,(1.50977583829189,-1.01568586534026));
#3020=CARTESIAN_POINT($,(1.50977583829189,-1.01568586534026));
#3021=CARTESIAN_POINT($,(1.50977583829189,-1.01568586534026));
#3022=CARTESIAN_POINT($,(1.76388863602563,-1.01568586534026));
#3023=CARTESIAN_POINT($,(1.76388863602563,-1.01568586534026));
#3024=CARTESIAN_POINT($,(1.76388863602563,-1.01568586534026));
#3025=CARTESIAN_POINT($,(2.1701895883221,-0.0665745658047854));
#3026=CARTESIAN_POINT($,(2.1701895883221,-0.0665745658047854));
#3027=CARTESIAN_POINT($,(2.1701895883221,-0.0665745658047854));
#3028=CARTESIAN_POINT($,(0.687161889468314,0.200955387649259));
#3029=CARTESIAN_POINT($,(0.687161889468314,0.200955387649259));
#3030=CARTESIAN_POINT($,(0.687161889468314,0.200955387649259));
#3031=CARTESIAN_POINT($,(0.346269571308483,0.395809080951494));
#3032=CARTESIAN_POINT($,(0.346269571308483,0.395809080951494));
#3033=CARTESIAN_POINT($,(0.346269571308483,0.395809080951494));
#3034=CARTESIAN_POINT($,(-0.689316313295706,0.516436426035654));
#3035=CARTESIAN_POINT($,(-0.689316313295706,0.516436426035654));
#3036=CARTESIAN_POINT($,(-0.689316313295706,0.516436426035654));
#3037=CARTESIAN_POINT($,(-0.879900911596053,0.427496946828882));
#3038=CARTESIAN_POINT($,(-0.879900911596053,0.427496946828882));
#3039=CARTESIAN_POINT($,(-0.879900911596053,0.427496946828882));
#3040=CARTESIAN_POINT($,(-0.761281057613928,-0.108223653353349));
#3041=CARTESIAN_POINT($,(-0.761281057613928,-0.108223653353349));
#3042=CARTESIAN_POINT($,(-0.761281057613928,-0.108223653353349));
#3043=CARTESIAN_POINT($,(-0.570696459313638,-0.222574412333557));
#3044=CARTESIAN_POINT($,(-0.570696459313638,-0.222574412333557));
#3045=CARTESIAN_POINT($,(-0.570696459313638,-0.222574412333557));
#3046=CARTESIAN_POINT($,(-1.6970260239886,0.355659258909554));
#3047=CARTESIAN_POINT($,(-1.6970260239886,0.355659258909554));
#3048=CARTESIAN_POINT($,(-1.6970260239886,0.355659258909554));
#3049=CARTESIAN_POINT($,(3.52476326792151,-0.514804129727338));
#3050=CARTESIAN_POINT($,(3.52476326792151,-0.514804129727338));
#3051=CARTESIAN_POINT($,(3.52476326792151,-0.514804129727338));
#3052=CARTESIAN_POINT($,(3.68838649838222,-0.336340711878933));
#3053=CARTESIAN_POINT($,(3.68838649838222,-0.336340711878933));
#3054=CARTESIAN_POINT($,(3.68838649838222,-0.336340711878933));
#3055=CARTESIAN_POINT($,(4.26438397700525,-0.374457631538974));
#3056=CARTESIAN_POINT($,(4.26438397700525,-0.374457631538974));
#3057=CARTESIAN_POINT($,(4.26438397700525,-0.374457631538974));
#3058=CARTESIAN_POINT($,(4.2553629726857,-0.853561900386154));
#3059=CARTESIAN_POINT($,(4.2553629726857,-0.853561900386154));
#3060=CARTESIAN_POINT($,(4.2553629726857,-0.853561900386154));
#3061=CARTESIAN_POINT($,(3.63060124817758,-2.5202115068823));
#3062=CARTESIAN_POINT($,(3.63060124817758,-2.5202115068823));
#3063=CARTESIAN_POINT($,(3.63060124817758,-2.5202115068823));
#3064=CARTESIAN_POINT($,(5.90491078789438,-2.63456226586248));
#3065=CARTESIAN_POINT($,(5.90491078789438,-2.63456226586248));
#3066=CARTESIAN_POINT($,(5.90491078789438,-2.63456226586248));
#3067=CARTESIAN_POINT($,(-2.57099616923421,1.53631813973996));
#3068=CARTESIAN_POINT($,(-2.57099616923421,1.53631813973996));
#3069=CARTESIAN_POINT($,(-2.57099616923421,1.53631813973996));
#3070=CARTESIAN_POINT($,(-2.31462176760061,1.52966038443932));
#3071=CARTESIAN_POINT($,(-2.31462176760061,1.52966038443932));
#3072=CARTESIAN_POINT($,(-2.31462176760061,1.52966038443932));
#3073=CARTESIAN_POINT($,(-2.0572817373357,1.53288761697058));
#3074=CARTESIAN_POINT($,(-2.0572817373357,1.53288761697058));
#3075=CARTESIAN_POINT($,(-2.0572817373357,1.53288761697058));
#3076=CARTESIAN_POINT($,(-1.80639617213319,1.52966038443932));
#3077=CARTESIAN_POINT($,(-1.80639617213319,1.52966038443932));
#3078=CARTESIAN_POINT($,(-1.80639617213319,1.52966038443932));
#3079=CARTESIAN_POINT($,(-0.774571156935394,-1.41111078989371));
#3080=CARTESIAN_POINT($,(-0.774571156935394,-1.41111078989371));
#3081=CARTESIAN_POINT($,(-0.774571156935394,-1.41111078989371));
#3082=CARTESIAN_POINT($,(-0.968103463689431,-1.06183274940869));
#3083=CARTESIAN_POINT($,(-0.968103463689431,-1.06183274940869));
#3084=CARTESIAN_POINT($,(-0.968103463689431,-1.06183274940869));
#3085=CARTESIAN_POINT($,(5.08331329026169,1.78916037348503));
#3086=CARTESIAN_POINT($,(5.08331329026169,1.78916037348503));
#3087=CARTESIAN_POINT($,(5.08331329026169,1.78916037348503));
#3088=CARTESIAN_POINT($,(6.61119559543903,1.78916037348503));
#3089=CARTESIAN_POINT($,(6.61119559543903,1.78916037348503));
#3090=CARTESIAN_POINT($,(6.61119559543903,1.78916037348503));
#3091=CARTESIAN_POINT($,(5.0856511280009,1.53276056057169));
#3092=CARTESIAN_POINT($,(5.0856511280009,1.53276056057169));
#3093=CARTESIAN_POINT($,(5.0856511280009,1.53276056057169));
#3094=CARTESIAN_POINT($,(5.08100086380233,1.27895269819527));
#3095=CARTESIAN_POINT($,(5.08100086380233,1.27895269819527));
#3096=CARTESIAN_POINT($,(5.08100086380233,1.27895269819527));
#3097=CARTESIAN_POINT($,(5.08316082258307,1.02064703929895));
#3098=CARTESIAN_POINT($,(5.08316082258307,1.02064703929895));
#3099=CARTESIAN_POINT($,(5.08316082258307,1.02064703929895));
#3100=CARTESIAN_POINT($,(5.08316082258307,0.766534241565211));
#3101=CARTESIAN_POINT($,(5.08316082258307,0.766534241565211));
#3102=CARTESIAN_POINT($,(5.08316082258307,0.766534241565211));
#3103=CARTESIAN_POINT($,(6.61390366588677,1.53276056057169));
#3104=CARTESIAN_POINT($,(6.61390366588677,1.53276056057169));
#3105=CARTESIAN_POINT($,(6.61390366588677,1.53276056057169));
#3106=CARTESIAN_POINT($,(6.60925340168819,1.27895269819527));
#3107=CARTESIAN_POINT($,(6.60925340168819,1.27895269819527));
#3108=CARTESIAN_POINT($,(6.60925340168819,1.27895269819527));
#3109=CARTESIAN_POINT($,(6.61141336046899,1.02064703929895));
#3110=CARTESIAN_POINT($,(6.61141336046899,1.02064703929895));
#3111=CARTESIAN_POINT($,(6.61141336046899,1.02064703929895));
#3112=CARTESIAN_POINT($,(6.61141336046899,0.766534241565211));
#3113=CARTESIAN_POINT($,(6.61141336046899,0.766534241565211));
#3114=CARTESIAN_POINT($,(6.61141336046899,0.766534241565211));
#3115=CARTESIAN_POINT($,(5.08478714448859,0.515140450767234));
#3116=CARTESIAN_POINT($,(5.08478714448859,0.515140450767234));
#3117=CARTESIAN_POINT($,(5.08478714448859,0.515140450767234));
#3118=CARTESIAN_POINT($,(6.61266944966587,0.515140450767234));
#3119=CARTESIAN_POINT($,(6.61266944966587,0.515140450767234));
#3120=CARTESIAN_POINT($,(6.61266944966587,0.515140450767234));
#3121=CARTESIAN_POINT($,(5.08712498222781,0.25874063785389));
#3122=CARTESIAN_POINT($,(5.08712498222781,0.25874063785389));
#3123=CARTESIAN_POINT($,(5.08712498222781,0.25874063785389));
#3124=CARTESIAN_POINT($,(5.08247471802923,0.00493277547747084));
#3125=CARTESIAN_POINT($,(5.08247471802923,0.00493277547747084));
#3126=CARTESIAN_POINT($,(5.08247471802923,0.00493277547747084));
#3127=CARTESIAN_POINT($,(5.08463467680997,-0.253372883418848));
#3128=CARTESIAN_POINT($,(5.08463467680997,-0.253372883418848));
#3129=CARTESIAN_POINT($,(5.08463467680997,-0.253372883418848));
#3130=CARTESIAN_POINT($,(5.08463467680997,-0.507485681152588));
#3131=CARTESIAN_POINT($,(5.08463467680997,-0.507485681152588));
#3132=CARTESIAN_POINT($,(5.08463467680997,-0.507485681152588));
#3133=CARTESIAN_POINT($,(6.61537752011367,0.25874063785389));
#3134=CARTESIAN_POINT($,(6.61537752011367,0.25874063785389));
#3135=CARTESIAN_POINT($,(6.61537752011367,0.25874063785389));
#3136=CARTESIAN_POINT($,(6.61072725591509,0.00493277547747084));
#3137=CARTESIAN_POINT($,(6.61072725591509,0.00493277547747084));
#3138=CARTESIAN_POINT($,(6.61072725591509,0.00493277547747084));
#3139=CARTESIAN_POINT($,(6.61288721469583,-0.253372883418848));
#3140=CARTESIAN_POINT($,(6.61288721469583,-0.253372883418848));
#3141=CARTESIAN_POINT($,(6.61288721469583,-0.253372883418848));
#3142=CARTESIAN_POINT($,(6.61288721469583,-0.507485681152588));
#3143=CARTESIAN_POINT($,(6.61288721469583,-0.507485681152588));
#3144=CARTESIAN_POINT($,(6.61288721469583,-0.507485681152588));
#3145=CARTESIAN_POINT($,(5.08478714448859,-0.759667221623516));
#3146=CARTESIAN_POINT($,(5.08478714448859,-0.759667221623516));
#3147=CARTESIAN_POINT($,(5.08478714448859,-0.759667221623516));
#3148=CARTESIAN_POINT($,(6.61266944966587,-0.759667221623516));
#3149=CARTESIAN_POINT($,(6.61266944966587,-0.759667221623516));
#3150=CARTESIAN_POINT($,(6.61266944966587,-0.759667221623516));
#3151=CARTESIAN_POINT($,(5.08712498222781,-1.01606703453686));
#3152=CARTESIAN_POINT($,(5.08712498222781,-1.01606703453686));
#3153=CARTESIAN_POINT($,(5.08712498222781,-1.01606703453686));
#3154=CARTESIAN_POINT($,(5.08247471802923,-1.26987489691328));
#3155=CARTESIAN_POINT($,(5.08247471802923,-1.26987489691328));
#3156=CARTESIAN_POINT($,(5.08247471802923,-1.26987489691328));
#3157=CARTESIAN_POINT($,(5.08463467680997,-1.5281805558096));
#3158=CARTESIAN_POINT($,(5.08463467680997,-1.5281805558096));
#3159=CARTESIAN_POINT($,(5.08463467680997,-1.5281805558096));
#3160=CARTESIAN_POINT($,(5.08463467680997,-1.78229335354337));
#3161=CARTESIAN_POINT($,(5.08463467680997,-1.78229335354337));
#3162=CARTESIAN_POINT($,(5.08463467680997,-1.78229335354337));
#3163=CARTESIAN_POINT($,(6.61537752011367,-1.01606703453686));
#3164=CARTESIAN_POINT($,(6.61537752011367,-1.01606703453686));
#3165=CARTESIAN_POINT($,(6.61537752011367,-1.01606703453686));
#3166=CARTESIAN_POINT($,(6.61072725591509,-1.26987489691328));
#3167=CARTESIAN_POINT($,(6.61072725591509,-1.26987489691328));
#3168=CARTESIAN_POINT($,(6.61072725591509,-1.26987489691328));
#3169=CARTESIAN_POINT($,(6.61288721469583,-1.5281805558096));
#3170=CARTESIAN_POINT($,(6.61288721469583,-1.5281805558096));
#3171=CARTESIAN_POINT($,(6.61288721469583,-1.5281805558096));
#3172=CARTESIAN_POINT($,(6.61288721469583,-1.78229335354337));
#3173=CARTESIAN_POINT($,(6.61288721469583,-1.78229335354337));
#3174=CARTESIAN_POINT($,(6.61288721469583,-1.78229335354337));
#3175=CARTESIAN_POINT($,(0.,4.88450648784637));
#3176=CARTESIAN_POINT($,(0.,-4.88572676388133));
#3177=CARTESIAN_POINT($,(6.35,-3.75));
#3178=CARTESIAN_POINT($,(7.89428215678845,0.));
#3179=CARTESIAN_POINT($,(-7.91046531793555,0.));
#3180=CARTESIAN_POINT($,(-4.68335962295532,3.58108758926392));
#3181=CARTESIAN_POINT($,(-304.137928116552,-207.201717238566));
#3182=CARTESIAN_POINT($,(2972.59262622695,2114.49113994768));
#3183=CARTESIAN_POINT($,(3110.02521296368,2114.49113994768));
#3184=CARTESIAN_POINT($,(3110.02521296368,2029.53259183017));
#3185=CARTESIAN_POINT($,(2972.59262622695,2029.53259183017));
#3186=CARTESIAN_POINT($,(1.,0.));
#3187=CARTESIAN_POINT($,(0.,1.));
#3188=CARTESIAN_POINT($,(0.,6.87162923812866));
#3189=CARTESIAN_POINT($,(0.15,6.87162923812866));
#3190=CARTESIAN_POINT($,(0.0750000000000014,13.7432584762573));
#3191=CARTESIAN_POINT($,(-0.00703620910644531,-0.000530481338500977,0.));
#3192=ANGLEUV(0.785398163397448);
#3193=ANGLEUV(3.75245789178781);
#3194=ANGLEUV(2.61799387799149);
#3195=ANGLEUV(0.610865238198016);
#3196=ANGLEUV(0.);
#3197=HATCHSEGMENT(#3192,#2596,0.,0.125,#2595);
#3198=HATCHPATTERN('ISO_STEEL','ISO (Steel), ISO Steel',(#3197));
#3199=HATCHPATTERNPAIR('Hatch Pattern',#3198);
#3200=FONTDESCRIPTION('Arial',13.,0,0,.F.,.F.,.F.,0,0);
#3201=FONTDESCRIPTION('Arial',12.,0,0,.F.,.F.,.F.,1,0);
#3202=FONTDESCRIPTION('Arial',16.,0,0,.F.,.F.,.F.,1,0);
#3203=FONTDESCRIPTION('Arial',16.,0,0,.F.,.F.,.F.,1,0);
#3204=FONTDESCRIPTION('Arial',16.,0,0,.F.,.F.,.F.,1,0);
#3205=FONTDESCRIPTION('Arial',16.,0,0,.F.,.F.,.F.,1,0);
#3206=FONTDESCRIPTION('Arial',16.,0,0,.F.,.F.,.F.,1,0);
#3207=FONTDESCRIPTIONPAIR('Dimension Text Font',#3200);
#3208=FONTDESCRIPTIONPAIR('Tolerance Font',#3201);
#3209=FONTDESCRIPTIONPAIR('Detail View Font',#3202);
#3210=FONTDESCRIPTIONPAIR('Section View Font',#3203);
#3211=FONTDESCRIPTIONPAIR('View Scale Note Font',#3204);
#3212=FONTDESCRIPTIONPAIR('Detail View Annotation Font',#3205);
#3213=FONTDESCRIPTIONPAIR('Section View Annotation Font',#3206);
#3214=BOOLEANVALUEPAIR('Text Size In Points',.F.);
#3215=BOOLEANVALUEPAIR('Show Dimension Units',.F.);
#3216=BOOLEANVALUEPAIR('Show Leading Zero',.T.);
#3217=BOOLEANVALUEPAIR('Trailing Zeros Status',.F.);
#3218=BOOLEANVALUEPAIR('Use Adaptive Meshing',.F.);
#3219=BOOLEANVALUEPAIR('Use Density Material',.T.);
#3220=BOOLEANVALUEPAIR('Apply Material to Part Data',.T.);
#3221=BOOLEANVALUEPAIR('Show Dual Dimensions',.F.);
#3222=BOOLEANVALUEPAIR('Dual Show Leading Zero',.T.);
#3223=BOOLEANVALUEPAIR('Dual Trailing Zeros Status',.F.);
#3224=BOOLEANVALUEPAIR('Show Equations',.F.);
#3225=BOOLEANVALUEPAIR('Enable Circular Center Line Dimension',.T.);
#3226=BOOLEANVALUEPAIR(
'Show Circular Center Line Dimension As Diametric',.F.);
#3227=BOOLEANVALUEPAIR('BAM_CoarseDisplay',.T.);
#3228=BOOLEANVALUEPAIR('BAM_SimplifiedMeshes',.F.);
#3229=BOOLEANVALUEPAIR('BAM_RemoveDetails',.T.);
#3230=BOOLEANVALUEPAIR('BAM_RemoveEdges',.T.);
#3231=BOOLEANVALUEPAIR('BAM_MousePause',.T.);
#3232=BOOLEANVALUEPAIR('Dimension Show Parenthesis',.F.);
#3233=BOOLEANVALUEPAIR('Browser Properties\\Browser Is Maximized',.T.);
#3234=BOOLEANVALUEPAIR('Browser Properties\\Browser Explorer Is Visible',
 .T.);
#3235=BOOLEANVALUEPAIR('viewMode',.F.);
#3236=BOOLEANVALUEPAIR('Show Pitch Circle Diameters',.T.);
#3237=BOOLEANVALUEPAIR('Show Tangent Center Marks',.F.);
#3238=BOOLEANVALUEPAIR('Show Linear Pattern Centers',.T.);
#3239=BOOLEANVALUEPAIR('Rotate Linear Pattern Centers',.T.);
#3240=REALVALUEPAIR('Distance Increment V7',0.01);
#3241=REALVALUEPAIR('Angle Increments',0.0174532925199433);
#3242=REALVALUEPAIR('Auto Explode Distance',0.1);
#3243=REALVALUEPAIR('Text Size',8.25);
#3244=REALVALUEPAIR('Density',0.00784);
#3245=REALVALUEPAIR('Arrow Length',3.);
#3246=REALVALUEPAIR('Arrow Width',1.);
#3247=REALVALUEPAIR('Arrow Second Length',3.);
#3248=REALVALUEPAIR('Arrow Second Width',1.);
#3249=REALVALUEPAIR('Dimension Line Overshoot',3.);
#3250=REALVALUEPAIR('Extention Gap',2.);
#3251=REALVALUEPAIR('Extention Overshoot',2.);
#3252=REALVALUEPAIR('Shoulder Length',3.);
#3253=REALVALUEPAIR('Text Gap',2.);
#3254=REALVALUEPAIR('Annotation Arrow Length',3.);
#3255=REALVALUEPAIR('Aannotation Arrow Width',1.);
#3256=REALVALUEPAIR('Tolerance Lower Value',0.);
#3257=REALVALUEPAIR('Tolerance Lower Angle Value',0.);
#3258=REALVALUEPAIR('Tolerance Upper Value',0.);
#3259=REALVALUEPAIR('Tolerance Upper Angle Value',0.);
#3260=REALVALUEPAIR('Hatching Scale',1.);
#3261=REALVALUEPAIR('Hatching Angle',0.);
#3262=REALVALUEPAIR('Browser Properties\\Browser Height',1.);
#3263=REALVALUEPAIR('Browser Properties\\Browser Width',1.);
#3264=REALVALUEPAIR('Browser Properties\\Browser Location X',0.);
#3265=REALVALUEPAIR('Browser Properties\\Browser Location Y',0.);
#3266=REALVALUEPAIR('Broken View Annotation Offset',2.54);
#3267=REALVALUEPAIR('Broken View Gap Width',7.62);
#3268=REALVALUEPAIR('Hatching Start Offset',0.);
#3269=MEASUREMENTSEGMENTFORMAT(10.,.F.,.T.,1,'','','mm',1,2,0,1.,2,.T.);
#3270=MEASUREMENTSEGMENTFORMAT(10.,.F.,.T.,1,'','','mm',1,2,0,1.,2,.T.);
#3271=MEASUREMENTSEGMENTFORMAT(1.,.F.,.T.,1,'','','\X2\02DA\X0\',1,2,0,0.0174532925199433,
2,.T.);
#3272=MEASUREMENTSEGMENTFORMAT(10.,.F.,.T.,1,'','','"',1,3,0,25.4,2,.T.);
#3273=MEASUREMENTSEGMENTFORMAT(10.,.F.,.T.,1,'','','mm',1,2,0,1.,2,.T.);
#3274=MEASUREMENTSEGMENTFORMAT(10.,.F.,.T.,1,'','','mm',1,2,0,1.,2,.T.);
#3275=MEASUREMENTSEGMENTFORMAT(10.,.F.,.T.,1,'','','mm',1,2,0,1.,2,.T.);
#3276=MEASUREMENTSEGMENTFORMAT(10.,.F.,.T.,1,'','','mm',1,2,0,1.,2,.T.);
#3277=MEASUREMENTSEGMENTFORMAT(10.,.F.,.T.,1,'','','mm',1,2,0,1.,2,.T.);
#3278=MEASUREMENTSEGMENTFORMAT(10.,.F.,.T.,1,'','','mm',1,2,0,1.,2,.T.);
#3279=MEASUREMENTSEGMENTFORMAT(10.,.F.,.T.,1,'','','mm',1,2,0,1.,2,.T.);
#3280=MEASUREMENTSEGMENTFORMAT(10.,.F.,.T.,1,'','','mm',1,2,0,1.,2,.T.);
#3281=MEASUREMENTSEGMENTFORMAT(10.,.F.,.T.,1,'','','mm',1,2,0,1.,2,.T.);
#3282=MEASUREMENTSEGMENTFORMAT(10.,.F.,.T.,1,'','','mm',1,2,0,1.,2,.T.);
#3283=MEASUREMENTSEGMENTFORMAT(10.,.F.,.T.,1,'','','mm',1,2,0,1.,2,.T.);
#3284=MEASUREMENTSEGMENTFORMAT(10.,.F.,.T.,1,'','','mm',1,2,0,1.,2,.T.);
#3285=MEASUREMENTFORMAT((#3269),'','',0,.F.);
#3286=MEASUREMENTFORMAT((#3270),'','',0,.F.);
#3287=MEASUREMENTFORMAT((#3271),'','',0,.F.);
#3288=MEASUREMENTFORMAT((#3272),'','',0,.F.);
#3289=MEASUREMENTFORMAT((#3273),'\X2\2205\X0\','',0,.F.);
#3290=MEASUREMENTFORMAT((#3274),'','',0,.F.);
#3291=MEASUREMENTFORMAT((#3275),'\X2\2205\X0\','',0,.F.);
#3292=MEASUREMENTFORMAT((#3276),'','',0,.F.);
#3293=MEASUREMENTFORMAT((#3277),'','',0,.F.);
#3294=MEASUREMENTFORMAT((#3278),'','',0,.F.);
#3295=MEASUREMENTFORMAT((#3279),'\X2\2205\X0\','',0,.F.);
#3296=MEASUREMENTFORMAT((#3280),'','',0,.F.);
#3297=MEASUREMENTFORMAT((#3281),'','',0,.F.);
#3298=MEASUREMENTFORMAT((#3282),'','',0,.F.);
#3299=MEASUREMENTFORMAT((#3283),'','',0,.F.);
#3300=MEASUREMENTFORMAT((#3284),'','',0,.F.);
#3301=MEASUREMENTFORMATPAIR('Distance Format',#3285);
#3302=MEASUREMENTFORMATPAIR('Volume Format',#3286);
#3303=MEASUREMENTFORMATPAIR('Angle Format',#3287);
#3304=MEASUREMENTFORMATPAIR('Dual Distance Format',#3288);
#3305=STRINGVALUEPAIR('name','pLACA');
#3306=STRINGVALUEPAIR('description','');
#3307=STRINGVALUEPAIR('number','');
#3308=STRINGVALUEPAIR('Version_Comment','');
#3309=STRINGVALUEPAIR('Default Units','cm');
#3310=STRINGVALUEPAIR('Density Material Name',
'Carbon Steel(0.40% C)      ');
#3311=STRINGVALUEPAIR('Diameter Symbol','\X2\2205\X0\');
#3312=STRINGVALUEPAIR('Radius Symbol','R');
#3313=STRINGVALUEPAIR('THRU Symbol','THRU');
#3314=STRINGVALUEPAIR('MIN Symbol','MIN');
#3315=STRINGVALUEPAIR('MAX Symbol','MAX');
#3316=STRINGVALUEPAIR('Default Dimension Style Name','Default');
#3317=STRINGVALUEPAIR('Hatch Category','Material');
#3318=STRINGVALUEPAIR('stepFileVersion','PRODUCTVERSION 15,0,2,15088');
#3319=STRINGVALUEPAIR('snapshot','unknown');
#3320=STRINGVALUEPAIR('__MinorVersionNumber','1');
#3321=STRINGVALUEPAIR('View Scale Note Caption','SCALE');
#3322=STRINGVALUEPAIR('View Scale Note Separator',':');
#3323=INTEGERVALUEPAIR('subType',1);
#3324=INTEGERVALUEPAIR('secureObjectType',2);
#3325=INTEGERVALUEPAIR('Locale ID',11274);
#3326=INTEGERVALUEPAIR('Country Code',54);
#3327=INTEGERVALUEPAIR('codepage',1252);
#3328=INTEGERVALUEPAIR('EnableAdvancedRendering',1);
#3329=INTEGERVALUEPAIR('Distance Units',0);
#3330=INTEGERVALUEPAIR('Angle Units',0);
#3331=INTEGERVALUEPAIR('Mass Units',0);
#3332=INTEGERVALUEPAIR('Segments Per Circle',24);
#3333=INTEGERVALUEPAIR('Density Mass Units',401);
#3334=INTEGERVALUEPAIR('Density Distance Units',201);
#3335=INTEGERVALUEPAIR('Dual Distance Units',3);
#3336=INTEGERVALUEPAIR('Dual Placement',1);
#3337=INTEGERVALUEPAIR('Default Dimension Style Id',0);
#3338=INTEGERVALUEPAIR('Arrow Style',0);
#3339=INTEGERVALUEPAIR('Arrow Second Style',0);
#3340=INTEGERVALUEPAIR('Dimension Annotation Placement',0);
#3341=INTEGERVALUEPAIR('Dimension Line Placement',0);
#3342=INTEGERVALUEPAIR('Diametric Dimension Option',2);
#3343=INTEGERVALUEPAIR('Chamfer Dimension Format Key',0);
#3344=INTEGERVALUEPAIR('Chamfer Dimension Separator Key',0);
#3345=INTEGERVALUEPAIR('Chamfer Dimension Annotation Placement Key',0);
#3346=INTEGERVALUEPAIR('Annotation Arrow Style',0);
#3347=INTEGERVALUEPAIR('BAM_PauseLength',100);
#3348=INTEGERVALUEPAIR('Face Color',-1973791);
#3349=INTEGERVALUEPAIR('Edge Color',-13158601);
#3350=INTEGERVALUEPAIR('Face Reflectivity',0);
#3351=INTEGERVALUEPAIR('Distance Precision',2);
#3352=INTEGERVALUEPAIR('Segment Format',0);
#3353=INTEGERVALUEPAIR('Angle Precision',2);
#3354=INTEGERVALUEPAIR('Tolerance Type',0);
#3355=INTEGERVALUEPAIR('Dual Distance Precision',3);
#3356=INTEGERVALUEPAIR('Dual Angle Untis',3);
#3357=INTEGERVALUEPAIR('Dual Angle Precision',2);
#3358=INTEGERVALUEPAIR('Hatching Color',-16777216);
#3359=INTEGERVALUEPAIR('Hatching Line Weight',1);
#3360=INTEGERVALUEPAIR('Browser Properties\\Browser Split Width',201);
#3361=INTEGERVALUEPAIR('Intersection Decorator Layer ID',1);
#3362=INTEGERVALUEPAIR('Intersection Decorator Shape',3);
#3363=INTEGERVALUEPAIR('Annotation Font Color',0);
#3364=INTEGERVALUEPAIR('Datum Target Arrow Style',21);
#3365=INTEGERVALUEPAIR('PCD Representation ID',1);
#3366=INTEGERVALUEPAIR('PCD Layer ID',1);
#3367=INTEGERVALUEPAIR('Linear Pattern Centers ID',1);
#3368=PROFILE((#3323,#3305,#3306,#3307,#3308,#3324,#3325,#3326,#3327,#3328,
#3309,#3301,#3302,#3303,#3329,#3330,#3240,#3241,#3242,#3243,#3214,#3215,
#3216,#3217,#3331,#3218,#3332,#3244,#3333,#3334,#3219,#3310,#3220,#3221,
#3335,#3222,#3223,#3336,#3304,#3311,#3312,#3313,#3314,#3315,#3207,#3316,
#3337,#3245,#3338,#3246,#3247,#3339,#3248,#3340,#3341,#3249,#3250,#3251,
#3252,#3224,#3253,#3342,#3225,#3226,#3343,#3344,#3345,#3346,#3254,#3255,
#3227,#3228,#3229,#3230,#3231,#3347,#3348,#3349,#3350,#3351,#3352,#3353,
#3232,#3256,#3257,#3354,#3258,#3259,#3208,#3355,#3356,#3357,#3199,#3317,
#3260,#3261,#3358,#3359,#3318,#3262,#3263,#3264,#3265,#3233,#3360,#3234,
#3319,#2594,#3235,#2565,#3320,#3361,#3362,#3363,#3364,#3209,#3210,#3266,
#3267,#3236,#3365,#3366,#3237,#3238,#3239,#3367,#3211,#3321,#3322,#3268,
#3212,#3213));
#3369=DESIGNWORKSPACE(#3368,1,$,#2563,$);
#3370=SCHEMAVERSION('PRODUCTVERSION 15,0,2,15088',$);
ENDSEC;
END-ISO-10303-21;
